Vec_1 = [
-0.0000000000000000e+00
-0.0000000000000000e+00
0.0000000000000000e+00
-3.0452979950138521e-02
-0.0000000000000000e+00
0.0000000000000000e+00
-0.0000000000000000e+00
0.0000000000000000e+00
-0.0000000000000000e+00
0.0000000000000000e+00
0.0000000000000000e+00
0.0000000000000000e+00
0.0000000000000000e+00
0.0000000000000000e+00
0.0000000000000000e+00
0.0000000000000000e+00
0.0000000000000000e+00
0.0000000000000000e+00
0.0000000000000000e+00
0.0000000000000000e+00
0.0000000000000000e+00
0.0000000000000000e+00
0.0000000000000000e+00
0.0000000000000000e+00
0.0000000000000000e+00
0.0000000000000000e+00
-0.0000000000000000e+00
0.0000000000000000e+00
-0.0000000000000000e+00
0.0000000000000000e+00
-0.0000000000000000e+00
0.0000000000000000e+00
-0.0000000000000000e+00
-3.0452979950138521e-02
0.0000000000000000e+00
-5.6269769759819128e-02
0.0000000000000000e+00
0.0000000000000000e+00
0.0000000000000000e+00
0.0000000000000000e+00
0.0000000000000000e+00
0.0000000000000000e+00
0.0000000000000000e+00
0.0000000000000000e+00
0.0000000000000000e+00
0.0000000000000000e+00
0.0000000000000000e+00
0.0000000000000000e+00
0.0000000000000000e+00
0.0000000000000000e+00
-5.6269769759819128e-02
0.0000000000000000e+00
-7.3519997210300364e-02
0.0000000000000000e+00
0.0000000000000000e+00
0.0000000000000000e+00
0.0000000000000000e+00
0.0000000000000000e+00
0.0000000000000000e+00
0.0000000000000000e+00
0.0000000000000000e+00
0.0000000000000000e+00
0.0000000000000000e+00
0.0000000000000000e+00
0.0000000000000000e+00
0.0000000000000000e+00
0.0000000000000000e+00
-7.3519997210300364e-02
0.0000000000000000e+00
-7.9577471545947673e-02
0.0000000000000000e+00
0.0000000000000000e+00
0.0000000000000000e+00
0.0000000000000000e+00
0.0000000000000000e+00
0.0000000000000000e+00
0.0000000000000000e+00
0.0000000000000000e+00
0.0000000000000000e+00
0.0000000000000000e+00
0.0000000000000000e+00
0.0000000000000000e+00
0.0000000000000000e+00
0.0000000000000000e+00
-7.9577471545947673e-02
0.0000000000000000e+00
-7.3519997210300364e-02
0.0000000000000000e+00
0.0000000000000000e+00
0.0000000000000000e+00
0.0000000000000000e+00
0.0000000000000000e+00
0.0000000000000000e+00
0.0000000000000000e+00
0.0000000000000000e+00
0.0000000000000000e+00
0.0000000000000000e+00
0.0000000000000000e+00
0.0000000000000000e+00
0.0000000000000000e+00
0.0000000000000000e+00
-7.3519997210300364e-02
0.0000000000000000e+00
-5.6269769759819135e-02
0.0000000000000000e+00
0.0000000000000000e+00
0.0000000000000000e+00
0.0000000000000000e+00
0.0000000000000000e+00
0.0000000000000000e+00
0.0000000000000000e+00
0.0000000000000000e+00
0.0000000000000000e+00
0.0000000000000000e+00
0.0000000000000000e+00
0.0000000000000000e+00
0.0000000000000000e+00
0.0000000000000000e+00
-5.6269769759819135e-02
0.0000000000000000e+00
-3.0452979950138532e-02
0.0000000000000000e+00
0.0000000000000000e+00
0.0000000000000000e+00
0.0000000000000000e+00
0.0000000000000000e+00
0.0000000000000000e+00
0.0000000000000000e+00
0.0000000000000000e+00
0.0000000000000000e+00
0.0000000000000000e+00
0.0000000000000000e+00
0.0000000000000000e+00
0.0000000000000000e+00
0.0000000000000000e+00
-3.0452979950138532e-02
0.0000000000000000e+00
-9.7454295812984387e-18
0.0000000000000000e+00
0.0000000000000000e+00
0.0000000000000000e+00
0.0000000000000000e+00
0.0000000000000000e+00
0.0000000000000000e+00
0.0000000000000000e+00
0.0000000000000000e+00
0.0000000000000000e+00
0.0000000000000000e+00
0.0000000000000000e+00
0.0000000000000000e+00
0.0000000000000000e+00
0.0000000000000000e+00
-9.7454295812984387e-18
0.0000000000000000e+00
3.0452979950138515e-02
0.0000000000000000e+00
0.0000000000000000e+00
0.0000000000000000e+00
0.0000000000000000e+00
0.0000000000000000e+00
0.0000000000000000e+00
0.0000000000000000e+00
0.0000000000000000e+00
0.0000000000000000e+00
0.0000000000000000e+00
0.0000000000000000e+00
0.0000000000000000e+00
0.0000000000000000e+00
0.0000000000000000e+00
3.0452979950138515e-02
0.0000000000000000e+00
5.6269769759819128e-02
0.0000000000000000e+00
0.0000000000000000e+00
0.0000000000000000e+00
0.0000000000000000e+00
0.0000000000000000e+00
0.0000000000000000e+00
0.0000000000000000e+00
0.0000000000000000e+00
0.0000000000000000e+00
0.0000000000000000e+00
0.0000000000000000e+00
0.0000000000000000e+00
0.0000000000000000e+00
0.0000000000000000e+00
5.6269769759819128e-02
0.0000000000000000e+00
7.3519997210300336e-02
0.0000000000000000e+00
0.0000000000000000e+00
0.0000000000000000e+00
0.0000000000000000e+00
0.0000000000000000e+00
0.0000000000000000e+00
0.0000000000000000e+00
0.0000000000000000e+00
0.0000000000000000e+00
0.0000000000000000e+00
0.0000000000000000e+00
0.0000000000000000e+00
0.0000000000000000e+00
0.0000000000000000e+00
7.3519997210300336e-02
0.0000000000000000e+00
7.9577471545947673e-02
0.0000000000000000e+00
0.0000000000000000e+00
0.0000000000000000e+00
0.0000000000000000e+00
0.0000000000000000e+00
0.0000000000000000e+00
0.0000000000000000e+00
0.0000000000000000e+00
0.0000000000000000e+00
0.0000000000000000e+00
0.0000000000000000e+00
0.0000000000000000e+00
0.0000000000000000e+00
0.0000000000000000e+00
7.9577471545947673e-02
0.0000000000000000e+00
7.3519997210300350e-02
0.0000000000000000e+00
0.0000000000000000e+00
0.0000000000000000e+00
0.0000000000000000e+00
0.0000000000000000e+00
0.0000000000000000e+00
0.0000000000000000e+00
0.0000000000000000e+00
0.0000000000000000e+00
0.0000000000000000e+00
0.0000000000000000e+00
0.0000000000000000e+00
0.0000000000000000e+00
0.0000000000000000e+00
7.3519997210300350e-02
0.0000000000000000e+00
5.6269769759819142e-02
0.0000000000000000e+00
0.0000000000000000e+00
0.0000000000000000e+00
0.0000000000000000e+00
0.0000000000000000e+00
0.0000000000000000e+00
0.0000000000000000e+00
0.0000000000000000e+00
0.0000000000000000e+00
0.0000000000000000e+00
0.0000000000000000e+00
0.0000000000000000e+00
0.0000000000000000e+00
0.0000000000000000e+00
5.6269769759819142e-02
0.0000000000000000e+00
3.0452979950138570e-02
0.0000000000000000e+00
0.0000000000000000e+00
0.0000000000000000e+00
0.0000000000000000e+00
0.0000000000000000e+00
0.0000000000000000e+00
0.0000000000000000e+00
0.0000000000000000e+00
0.0000000000000000e+00
0.0000000000000000e+00
0.0000000000000000e+00
0.0000000000000000e+00
0.0000000000000000e+00
0.0000000000000000e+00
3.0452979950138570e-02
1.8007205851383333e-17
1.9490859162596877e-17
1.3782118685024208e-17
7.4588288840871348e-18
1.1934709143053064e-33
-7.4588288840871317e-18
-1.3782118685024205e-17
-1.8007205851383333e-17
-1.9490859162596877e-17
-1.8007205851383336e-17
-1.3782118685024209e-17
-7.4588288840871440e-18
-3.5804127429159191e-33
7.4588288840871379e-18
1.3782118685024203e-17
1.8007205851383330e-17
1.9490859162596877e-17
-0.0000000000000000e+00
-3.0452979950138521e-02
0.0000000000000000e+00
-0.0000000000000000e+00
-5.6269769759819128e-02
0.0000000000000000e+00
-7.3519997210300364e-02
0.0000000000000000e+00
-7.9577471545947673e-02
0.0000000000000000e+00
-7.3519997210300364e-02
0.0000000000000000e+00
-5.6269769759819135e-02
0.0000000000000000e+00
-3.0452979950138532e-02
0.0000000000000000e+00
-9.7454295812984387e-18
0.0000000000000000e+00
3.0452979950138515e-02
0.0000000000000000e+00
5.6269769759819128e-02
0.0000000000000000e+00
7.3519997210300336e-02
0.0000000000000000e+00
7.9577471545947673e-02
0.0000000000000000e+00
7.3519997210300350e-02
0.0000000000000000e+00
5.6269769759819142e-02
0.0000000000000000e+00
3.0452979950138570e-02
0.0000000000000000e+00
1.9490859162596877e-17
1.8007205851383333e-17
0.0000000000000000e+00
-0.0000000000000000e+00
0.0000000000000000e+00
0.0000000000000000e+00
0.0000000000000000e+00
0.0000000000000000e+00
0.0000000000000000e+00
0.0000000000000000e+00
0.0000000000000000e+00
0.0000000000000000e+00
0.0000000000000000e+00
0.0000000000000000e+00
0.0000000000000000e+00
0.0000000000000000e+00
0.0000000000000000e+00
0.0000000000000000e+00
1.3782118685024208e-17
0.0000000000000000e+00
-0.0000000000000000e+00
0.0000000000000000e+00
0.0000000000000000e+00
0.0000000000000000e+00
0.0000000000000000e+00
0.0000000000000000e+00
0.0000000000000000e+00
0.0000000000000000e+00
0.0000000000000000e+00
0.0000000000000000e+00
0.0000000000000000e+00
0.0000000000000000e+00
0.0000000000000000e+00
0.0000000000000000e+00
0.0000000000000000e+00
7.4588288840871348e-18
0.0000000000000000e+00
-0.0000000000000000e+00
0.0000000000000000e+00
0.0000000000000000e+00
0.0000000000000000e+00
0.0000000000000000e+00
0.0000000000000000e+00
0.0000000000000000e+00
0.0000000000000000e+00
0.0000000000000000e+00
0.0000000000000000e+00
0.0000000000000000e+00
0.0000000000000000e+00
0.0000000000000000e+00
0.0000000000000000e+00
0.0000000000000000e+00
1.1934709143053064e-33
0.0000000000000000e+00
0.0000000000000000e+00
0.0000000000000000e+00
0.0000000000000000e+00
0.0000000000000000e+00
0.0000000000000000e+00
0.0000000000000000e+00
0.0000000000000000e+00
0.0000000000000000e+00
0.0000000000000000e+00
0.0000000000000000e+00
0.0000000000000000e+00
0.0000000000000000e+00
0.0000000000000000e+00
0.0000000000000000e+00
0.0000000000000000e+00
-7.4588288840871317e-18
0.0000000000000000e+00
0.0000000000000000e+00
0.0000000000000000e+00
0.0000000000000000e+00
0.0000000000000000e+00
0.0000000000000000e+00
0.0000000000000000e+00
0.0000000000000000e+00
0.0000000000000000e+00
0.0000000000000000e+00
0.0000000000000000e+00
0.0000000000000000e+00
0.0000000000000000e+00
0.0000000000000000e+00
0.0000000000000000e+00
0.0000000000000000e+00
-1.3782118685024205e-17
0.0000000000000000e+00
0.0000000000000000e+00
0.0000000000000000e+00
0.0000000000000000e+00
0.0000000000000000e+00
0.0000000000000000e+00
0.0000000000000000e+00
0.0000000000000000e+00
0.0000000000000000e+00
0.0000000000000000e+00
0.0000000000000000e+00
0.0000000000000000e+00
0.0000000000000000e+00
0.0000000000000000e+00
0.0000000000000000e+00
0.0000000000000000e+00
-1.8007205851383333e-17
0.0000000000000000e+00
0.0000000000000000e+00
0.0000000000000000e+00
0.0000000000000000e+00
0.0000000000000000e+00
0.0000000000000000e+00
0.0000000000000000e+00
0.0000000000000000e+00
0.0000000000000000e+00
0.0000000000000000e+00
0.0000000000000000e+00
0.0000000000000000e+00
0.0000000000000000e+00
0.0000000000000000e+00
0.0000000000000000e+00
0.0000000000000000e+00
-1.9490859162596877e-17
0.0000000000000000e+00
0.0000000000000000e+00
0.0000000000000000e+00
0.0000000000000000e+00
0.0000000000000000e+00
0.0000000000000000e+00
0.0000000000000000e+00
0.0000000000000000e+00
0.0000000000000000e+00
0.0000000000000000e+00
0.0000000000000000e+00
0.0000000000000000e+00
0.0000000000000000e+00
0.0000000000000000e+00
0.0000000000000000e+00
0.0000000000000000e+00
-1.8007205851383336e-17
0.0000000000000000e+00
0.0000000000000000e+00
0.0000000000000000e+00
0.0000000000000000e+00
0.0000000000000000e+00
0.0000000000000000e+00
0.0000000000000000e+00
0.0000000000000000e+00
0.0000000000000000e+00
0.0000000000000000e+00
0.0000000000000000e+00
0.0000000000000000e+00
0.0000000000000000e+00
0.0000000000000000e+00
0.0000000000000000e+00
0.0000000000000000e+00
-1.3782118685024209e-17
0.0000000000000000e+00
0.0000000000000000e+00
0.0000000000000000e+00
0.0000000000000000e+00
0.0000000000000000e+00
0.0000000000000000e+00
0.0000000000000000e+00
0.0000000000000000e+00
0.0000000000000000e+00
0.0000000000000000e+00
0.0000000000000000e+00
0.0000000000000000e+00
0.0000000000000000e+00
0.0000000000000000e+00
0.0000000000000000e+00
0.0000000000000000e+00
-7.4588288840871440e-18
0.0000000000000000e+00
0.0000000000000000e+00
0.0000000000000000e+00
0.0000000000000000e+00
0.0000000000000000e+00
0.0000000000000000e+00
0.0000000000000000e+00
0.0000000000000000e+00
0.0000000000000000e+00
0.0000000000000000e+00
0.0000000000000000e+00
0.0000000000000000e+00
0.0000000000000000e+00
0.0000000000000000e+00
0.0000000000000000e+00
0.0000000000000000e+00
-3.5804127429159191e-33
0.0000000000000000e+00
-0.0000000000000000e+00
0.0000000000000000e+00
0.0000000000000000e+00
0.0000000000000000e+00
0.0000000000000000e+00
0.0000000000000000e+00
0.0000000000000000e+00
0.0000000000000000e+00
0.0000000000000000e+00
0.0000000000000000e+00
0.0000000000000000e+00
0.0000000000000000e+00
0.0000000000000000e+00
0.0000000000000000e+00
0.0000000000000000e+00
7.4588288840871379e-18
0.0000000000000000e+00
-0.0000000000000000e+00
0.0000000000000000e+00
0.0000000000000000e+00
0.0000000000000000e+00
0.0000000000000000e+00
0.0000000000000000e+00
0.0000000000000000e+00
0.0000000000000000e+00
0.0000000000000000e+00
0.0000000000000000e+00
0.0000000000000000e+00
0.0000000000000000e+00
0.0000000000000000e+00
0.0000000000000000e+00
0.0000000000000000e+00
1.3782118685024203e-17
0.0000000000000000e+00
-0.0000000000000000e+00
0.0000000000000000e+00
0.0000000000000000e+00
0.0000000000000000e+00
0.0000000000000000e+00
0.0000000000000000e+00
0.0000000000000000e+00
0.0000000000000000e+00
0.0000000000000000e+00
0.0000000000000000e+00
0.0000000000000000e+00
0.0000000000000000e+00
0.0000000000000000e+00
0.0000000000000000e+00
0.0000000000000000e+00
1.8007205851383330e-17
-3.0452979950138521e-02
-0.0000000000000000e+00
-5.6269769759819128e-02
-7.3519997210300364e-02
-7.9577471545947673e-02
-7.3519997210300364e-02
-5.6269769759819135e-02
-3.0452979950138532e-02
-9.7454295812984387e-18
3.0452979950138515e-02
5.6269769759819128e-02
7.3519997210300336e-02
7.9577471545947673e-02
7.3519997210300350e-02
5.6269769759819142e-02
3.0452979950138570e-02
1.9490859162596877e-17
0.0000000000000000e+00
0.0000000000000000e+00
1.2829877437547670e-02
2.0592235370371921e-02
1.7836930382004783e-02
3.2180366259218780e-02
2.0128472367978222e-02
3.8869328100846146e-02
1.9355636900983367e-02
3.9640787090456334e-02
1.5636081175099226e-02
3.4377295590174356e-02
9.5360738317350376e-03
2.3880172467248873e-02
1.9842856922137413e-03
9.7475095604872275e-03
-5.8695919563525123e-03
-5.8691233154644119e-03
-1.2829877437547665e-02
-2.0592235370371925e-02
-1.7836930382004783e-02
-3.2180366259218780e-02
-2.0128472367978222e-02
-3.8869328100846146e-02
-1.9355636900983363e-02
-3.9640787090456334e-02
-1.5636081175099226e-02
-3.4377295590174363e-02
-9.5360738317350306e-03
-2.3880172467248877e-02
-1.9842856922137496e-03
-9.7475095604872258e-03
2.0592577958817894e-02
1.2829527901520369e-02
4.7586196427324846e-02
4.7586044309977246e-02
6.7335247859716382e-02
7.5098016840805942e-02
7.6833118201007938e-02
9.1176997072839827e-02
7.4633842790146940e-02
9.3375106022070484e-02
6.1072241371955709e-02
8.1357701526884818e-02
3.8212944826130857e-02
5.6954324483631802e-02
9.5360738317350532e-03
2.3880167829982969e-02
-2.0592577958817890e-02
-1.2829527901520383e-02
-4.7586196427324826e-02
-4.7586044309977260e-02
-6.7335247859716368e-02
-7.5098016840805956e-02
-7.6833118201007938e-02
-9.1176997072839799e-02
-7.4633842790146940e-02
-9.3375106022070484e-02
-6.1072241371955709e-02
-8.1357701526884818e-02
-3.8212944826130850e-02
-5.6954324483631809e-02
-9.5360738317350792e-03
-2.3880167829982965e-02
3.2180530639237301e-02
1.7836753164529890e-02
7.5097948380986601e-02
6.7335309371954394e-02
1.0658238424632800e-01
1.0658267512359827e-01
1.2184061828188511e-01
1.2960379476203027e-01
1.1854972267198029e-01
1.3289391150926827e-01
9.7210706441178588e-02
1.1595213491552793e-01
6.1072241371955709e-02
8.1357696889618900e-02
1.5636081175099251e-02
3.4377287021624237e-02
-3.2180530639237294e-02
-1.7836753164529911e-02
-7.5097948380986587e-02
-6.7335309371954394e-02
-1.0658238424632799e-01
-1.0658267512359829e-01
-1.2184061828188511e-01
-1.2960379476203027e-01
-1.1854972267198029e-01
-1.3289391150926827e-01
-9.7210706441178588e-02
-1.1595213491552793e-01
-6.1072241371955695e-02
-8.1357696889618900e-02
-1.5636081175099292e-02
-3.4377287021624237e-02
3.8869289247069498e-02
2.0128494448809812e-02
9.1176718458240463e-02
7.6833383978150940e-02
1.2960331880315534e-01
1.2184108729317872e-01
1.4829898871730035e-01
1.4829958956002676e-01
1.4441748193291673e-01
1.5218082365548771e-01
1.1854972267198031e-01
1.3289390687200237e-01
7.4633842790146954e-02
9.3375097453520337e-02
1.9355636900983405e-02
3.9640775895106083e-02
-3.8869289247069484e-02
-2.0128494448809833e-02
-9.1176718458240449e-02
-7.6833383978150940e-02
-1.2960331880315532e-01
-1.2184108729317875e-01
-1.4829898871730035e-01
-1.4829958956002676e-01
-1.4441748193291673e-01
-1.5218082365548771e-01
-1.1854972267198031e-01
-1.3289390687200239e-01
-7.4633842790146954e-02
-9.3375097453520350e-02
-1.9355636900983450e-02
-3.9640775895106083e-02
3.9640550918019803e-02
1.9355854918514985e-02
9.3374659669238219e-02
7.4634272370034158e-02
1.3289332292921280e-01
1.1855029841457940e-01
1.5218018245418696e-01
1.4441811618663616e-01
1.4829898871730035e-01
1.4829958492276082e-01
1.2184061828188512e-01
1.2960378619348015e-01
7.6833118201007980e-02
9.1176985877489541e-02
2.0128472367978260e-02
3.8869315983086350e-02
-3.9640550918019796e-02
-1.9355854918515009e-02
-9.3374659669238191e-02
-7.4634272370034171e-02
-1.3289332292921277e-01
-1.1855029841457942e-01
-1.5218018245418696e-01
-1.4441811618663614e-01
-1.4829898871730035e-01
-1.4829958492276085e-01
-1.2184061828188514e-01
-1.2960378619348015e-01
-7.6833118201007952e-02
-9.1176985877489555e-02
-2.0128472367978309e-02
-3.8869315983086350e-02
3.4376898054190495e-02
1.5636461938138023e-02
8.1357155388992144e-02
6.1072769354943476e-02
1.1595152332026985e-01
9.7211301263491603e-02
1.3289332292921283e-01
1.1855029377731349e-01
1.2960331880315534e-01
1.2184107872462858e-01
1.0658238424632803e-01
1.0658266392824801e-01
6.7335247859716410e-02
7.5098004723046119e-02
1.7836930382004818e-02
3.2180355063868529e-02
-3.4376898054190488e-02
-1.5636461938138044e-02
-8.1357155388992144e-02
-6.1072769354943483e-02
-1.1595152332026985e-01
-9.7211301263491603e-02
-1.3289332292921283e-01
-1.1855029377731348e-01
-1.2960331880315534e-01
-1.2184107872462860e-01
-1.0658238424632804e-01
-1.0658266392824801e-01
-6.7335247859716396e-02
-7.5098004723046133e-02
-1.7836930382004863e-02
-3.2180355063868529e-02
2.3879674088967559e-02
9.5365593725599829e-03
5.6953761705222136e-02
3.8213490831595469e-02
8.1357155388992144e-02
6.1072764717677544e-02
9.3374659669238233e-02
7.4634263801484010e-02
9.1176718458240491e-02
7.6833372782800641e-02
7.5097948380986643e-02
6.7335297254194570e-02
4.7586196427324867e-02
4.7586033114626974e-02
1.2829877437547696e-02
2.0592226801821795e-02
-2.3879674088967545e-02
-9.5365593725599968e-03
-5.6953761705222129e-02
-3.8213490831595483e-02
-8.1357155388992144e-02
-6.1072764717677551e-02
-9.3374659669238233e-02
-7.4634263801483997e-02
-9.1176718458240491e-02
-7.6833372782800655e-02
-7.5097948380986643e-02
-6.7335297254194570e-02
-4.7586196427324860e-02
-4.7586033114626981e-02
-1.2829877437547725e-02
-2.0592226801821795e-02
9.7469862134839710e-03
1.9848020916356738e-03
2.3879674088967573e-02
9.5365547352940748e-03
3.4376898054190530e-02
1.5636453369587903e-02
3.9640550918019851e-02
1.9355843723164734e-02
3.8869289247069540e-02
2.0128482331050020e-02
3.2180530639237336e-02
1.7836741969179642e-02
2.0592577958817918e-02
1.2829519332970246e-02
5.8695919563525288e-03
5.8691186781985021e-03
-9.7469862134839640e-03
-1.9848020916356781e-03
-2.3879674088967569e-02
-9.5365547352940783e-03
-3.4376898054190523e-02
-1.5636453369587903e-02
-3.9640550918019851e-02
-1.9355843723164731e-02
-3.8869289247069540e-02
-2.0128482331050020e-02
-3.2180530639237336e-02
-1.7836741969179639e-02
-2.0592577958817922e-02
-1.2829519332970248e-02
-5.8695919563525392e-03
-5.8691186781985021e-03
-5.8695919563525019e-03
-5.8691233154644024e-03
-1.2829877437547647e-02
-2.0592235370371914e-02
-1.7836930382004748e-02
-3.2180366259218766e-02
-2.0128472367978181e-02
-3.8869328100846132e-02
-1.9355636900983325e-02
-3.9640787090456320e-02
-1.5636081175099192e-02
-3.4377295590174349e-02
-9.5360738317350150e-03
-2.3880172467248870e-02
-1.9842856922137335e-03
-9.7475095604872275e-03
5.8695919563525037e-03
5.8691233154644076e-03
1.2829877437547640e-02
2.0592235370371918e-02
1.7836930382004745e-02
3.2180366259218773e-02
2.0128472367978181e-02
3.8869328100846132e-02
1.9355636900983322e-02
3.9640787090456327e-02
1.5636081175099192e-02
3.4377295590174349e-02
9.5360738317350081e-03
2.3880172467248870e-02
1.9842856922137422e-03
9.7475095604872275e-03
-2.0592577958817897e-02
-1.2829527901520369e-02
-4.7586196427324846e-02
-4.7586044309977239e-02
-6.7335247859716396e-02
-7.5098016840805915e-02
-7.6833118201007952e-02
-9.1176997072839799e-02
-7.4633842790146954e-02
-9.3375106022070456e-02
-6.1072241371955722e-02
-8.1357701526884790e-02
-3.8212944826130878e-02
-5.6954324483631788e-02
-9.5360738317350584e-03
-2.3880167829982962e-02
2.0592577958817894e-02
1.2829527901520383e-02
4.7586196427324833e-02
4.7586044309977246e-02
6.7335247859716382e-02
7.5098016840805928e-02
7.6833118201007952e-02
9.1176997072839785e-02
7.4633842790146954e-02
9.3375106022070456e-02
6.1072241371955722e-02
8.1357701526884790e-02
3.8212944826130864e-02
5.6954324483631795e-02
9.5360738317350844e-03
2.3880167829982955e-02
-3.2180530639237294e-02
-1.7836753164529887e-02
-7.5097948380986601e-02
-6.7335309371954380e-02
-1.0658238424632800e-01
-1.0658267512359826e-01
-1.2184061828188508e-01
-1.2960379476203024e-01
-1.1854972267198027e-01
-1.3289391150926827e-01
-9.7210706441178560e-02
-1.1595213491552790e-01
-6.1072241371955695e-02
-8.1357696889618872e-02
-1.5636081175099247e-02
-3.4377287021624230e-02
3.2180530639237294e-02
1.7836753164529907e-02
7.5097948380986587e-02
6.7335309371954394e-02
1.0658238424632797e-01
1.0658267512359827e-01
1.2184061828188508e-01
1.2960379476203024e-01
1.1854972267198027e-01
1.3289391150926827e-01
9.7210706441178574e-02
1.1595213491552790e-01
6.1072241371955681e-02
8.1357696889618886e-02
1.5636081175099285e-02
3.4377287021624230e-02
-3.8869289247069498e-02
-2.0128494448809812e-02
-9.1176718458240449e-02
-7.6833383978150940e-02
-1.2960331880315532e-01
-1.2184108729317872e-01
-1.4829898871730035e-01
-1.4829958956002676e-01
-1.4441748193291673e-01
-1.5218082365548771e-01
-1.1854972267198030e-01
-1.3289390687200237e-01
-7.4633842790146940e-02
-9.3375097453520337e-02
-1.9355636900983398e-02
-3.9640775895106083e-02
3.8869289247069484e-02
2.0128494448809833e-02
9.1176718458240436e-02
7.6833383978150940e-02
1.2960331880315529e-01
1.2184108729317875e-01
1.4829898871730035e-01
1.4829958956002676e-01
1.4441748193291673e-01
1.5218082365548771e-01
1.1854972267198030e-01
1.3289390687200239e-01
7.4633842790146940e-02
9.3375097453520350e-02
1.9355636900983447e-02
3.9640775895106083e-02
-3.9640550918019810e-02
-1.9355854918514988e-02
-9.3374659669238219e-02
-7.4634272370034158e-02
-1.3289332292921283e-01
-1.1855029841457941e-01
-1.5218018245418696e-01
-1.4441811618663619e-01
-1.4829898871730035e-01
-1.4829958492276082e-01
-1.2184061828188512e-01
-1.2960378619348012e-01
-7.6833118201007980e-02
-9.1176985877489541e-02
-2.0128472367978264e-02
-3.8869315983086357e-02
3.9640550918019796e-02
1.9355854918515013e-02
9.3374659669238205e-02
7.4634272370034171e-02
1.3289332292921280e-01
1.1855029841457941e-01
1.5218018245418696e-01
1.4441811618663616e-01
1.4829898871730035e-01
1.4829958492276082e-01
1.2184061828188514e-01
1.2960378619348015e-01
7.6833118201007966e-02
9.1176985877489555e-02
2.0128472367978309e-02
3.8869315983086350e-02
-3.4376898054190495e-02
-1.5636461938138023e-02
-8.1357155388992144e-02
-6.1072769354943476e-02
-1.1595152332026987e-01
-9.7211301263491603e-02
-1.3289332292921283e-01
-1.1855029377731351e-01
-1.2960331880315534e-01
-1.2184107872462860e-01
-1.0658238424632804e-01
-1.0658266392824803e-01
-6.7335247859716424e-02
-7.5098004723046133e-02
-1.7836930382004824e-02
-3.2180355063868529e-02
3.4376898054190488e-02
1.5636461938138040e-02
8.1357155388992131e-02
6.1072769354943490e-02
1.1595152332026984e-01
9.7211301263491617e-02
1.3289332292921283e-01
1.1855029377731349e-01
1.2960331880315537e-01
1.2184107872462860e-01
1.0658238424632806e-01
1.0658266392824801e-01
6.7335247859716410e-02
7.5098004723046133e-02
1.7836930382004866e-02
3.2180355063868536e-02
-2.3879674088967559e-02
-9.5365593725599811e-03
-5.6953761705222150e-02
-3.8213490831595462e-02
-8.1357155388992158e-02
-6.1072764717677537e-02
-9.3374659669238247e-02
-7.4634263801483997e-02
-9.1176718458240505e-02
-7.6833372782800641e-02
-7.5097948380986657e-02
-6.7335297254194557e-02
-4.7586196427324874e-02
-4.7586033114626967e-02
-1.2829877437547699e-02
-2.0592226801821791e-02
2.3879674088967545e-02
9.5365593725599950e-03
5.6953761705222136e-02
3.8213490831595476e-02
8.1357155388992144e-02
6.1072764717677551e-02
9.3374659669238247e-02
7.4634263801483983e-02
9.1176718458240519e-02
7.6833372782800641e-02
7.5097948380986657e-02
6.7335297254194570e-02
4.7586196427324867e-02
4.7586033114626967e-02
1.2829877437547731e-02
2.0592226801821791e-02
-9.7469862134839658e-03
-1.9848020916356760e-03
-2.3879674088967573e-02
-9.5365547352940956e-03
-3.4376898054190530e-02
-1.5636453369587938e-02
-3.9640550918019844e-02
-1.9355843723164783e-02
-3.8869289247069547e-02
-2.0128482331050065e-02
-3.2180530639237342e-02
-1.7836741969179684e-02
-2.0592577958817925e-02
-1.2829519332970281e-02
-5.8695919563525340e-03
-5.8691186781985177e-03
9.7469862134839606e-03
1.9848020916356803e-03
2.3879674088967569e-02
9.5365547352940991e-03
3.4376898054190516e-02
1.5636453369587942e-02
3.9640550918019844e-02
1.9355843723164779e-02
3.8869289247069547e-02
2.0128482331050065e-02
3.2180530639237342e-02
1.7836741969179684e-02
2.0592577958817929e-02
1.2829519332970284e-02
5.8695919563525444e-03
5.8691186781985186e-03
-0.0000000000000000e+00
-0.0000000000000000e+00
0.0000000000000000e+00
-2.4044709195373852e+00
-0.0000000000000000e+00
0.0000000000000000e+00
-0.0000000000000000e+00
0.0000000000000000e+00
-0.0000000000000000e+00
0.0000000000000000e+00
0.0000000000000000e+00
0.0000000000000000e+00
0.0000000000000000e+00
0.0000000000000000e+00
0.0000000000000000e+00
0.0000000000000000e+00
0.0000000000000000e+00
0.0000000000000000e+00
0.0000000000000000e+00
0.0000000000000000e+00
0.0000000000000000e+00
0.0000000000000000e+00
0.0000000000000000e+00
0.0000000000000000e+00
0.0000000000000000e+00
0.0000000000000000e+00
-0.0000000000000000e+00
0.0000000000000000e+00
-0.0000000000000000e+00
0.0000000000000000e+00
-0.0000000000000000e+00
0.0000000000000000e+00
-0.0000000000000000e+00
-2.4044709195373852e+00
0.0000000000000000e+00
-4.4428829381583661e+00
0.0000000000000000e+00
0.0000000000000000e+00
0.0000000000000000e+00
0.0000000000000000e+00
0.0000000000000000e+00
0.0000000000000000e+00
0.0000000000000000e+00
0.0000000000000000e+00
0.0000000000000000e+00
0.0000000000000000e+00
0.0000000000000000e+00
0.0000000000000000e+00
0.0000000000000000e+00
0.0000000000000000e+00
-4.4428829381583661e+00
0.0000000000000000e+00
-5.8049063042788616e+00
0.0000000000000000e+00
0.0000000000000000e+00
0.0000000000000000e+00
0.0000000000000000e+00
0.0000000000000000e+00
0.0000000000000000e+00
0.0000000000000000e+00
0.0000000000000000e+00
0.0000000000000000e+00
0.0000000000000000e+00
0.0000000000000000e+00
0.0000000000000000e+00
0.0000000000000000e+00
0.0000000000000000e+00
-5.8049063042788616e+00
0.0000000000000000e+00
-6.2831853071795862e+00
0.0000000000000000e+00
0.0000000000000000e+00
0.0000000000000000e+00
0.0000000000000000e+00
0.0000000000000000e+00
0.0000000000000000e+00
0.0000000000000000e+00
0.0000000000000000e+00
0.0000000000000000e+00
0.0000000000000000e+00
0.0000000000000000e+00
0.0000000000000000e+00
0.0000000000000000e+00
0.0000000000000000e+00
-6.2831853071795862e+00
0.0000000000000000e+00
-5.8049063042788616e+00
0.0000000000000000e+00
0.0000000000000000e+00
0.0000000000000000e+00
0.0000000000000000e+00
0.0000000000000000e+00
0.0000000000000000e+00
0.0000000000000000e+00
0.0000000000000000e+00
0.0000000000000000e+00
0.0000000000000000e+00
0.0000000000000000e+00
0.0000000000000000e+00
0.0000000000000000e+00
0.0000000000000000e+00
-5.8049063042788616e+00
0.0000000000000000e+00
-4.4428829381583661e+00
0.0000000000000000e+00
0.0000000000000000e+00
0.0000000000000000e+00
0.0000000000000000e+00
0.0000000000000000e+00
0.0000000000000000e+00
0.0000000000000000e+00
0.0000000000000000e+00
0.0000000000000000e+00
0.0000000000000000e+00
0.0000000000000000e+00
0.0000000000000000e+00
0.0000000000000000e+00
0.0000000000000000e+00
-4.4428829381583661e+00
0.0000000000000000e+00
-2.4044709195373857e+00
0.0000000000000000e+00
0.0000000000000000e+00
0.0000000000000000e+00
0.0000000000000000e+00
0.0000000000000000e+00
0.0000000000000000e+00
0.0000000000000000e+00
0.0000000000000000e+00
0.0000000000000000e+00
0.0000000000000000e+00
0.0000000000000000e+00
0.0000000000000000e+00
0.0000000000000000e+00
0.0000000000000000e+00
-2.4044709195373857e+00
0.0000000000000000e+00
-7.6946827748871591e-16
0.0000000000000000e+00
0.0000000000000000e+00
0.0000000000000000e+00
0.0000000000000000e+00
0.0000000000000000e+00
0.0000000000000000e+00
0.0000000000000000e+00
0.0000000000000000e+00
0.0000000000000000e+00
0.0000000000000000e+00
0.0000000000000000e+00
0.0000000000000000e+00
0.0000000000000000e+00
0.0000000000000000e+00
-7.6946827748871591e-16
0.0000000000000000e+00
2.4044709195373843e+00
0.0000000000000000e+00
0.0000000000000000e+00
0.0000000000000000e+00
0.0000000000000000e+00
0.0000000000000000e+00
0.0000000000000000e+00
0.0000000000000000e+00
0.0000000000000000e+00
0.0000000000000000e+00
0.0000000000000000e+00
0.0000000000000000e+00
0.0000000000000000e+00
0.0000000000000000e+00
0.0000000000000000e+00
2.4044709195373843e+00
0.0000000000000000e+00
4.4428829381583661e+00
0.0000000000000000e+00
0.0000000000000000e+00
0.0000000000000000e+00
0.0000000000000000e+00
0.0000000000000000e+00
0.0000000000000000e+00
0.0000000000000000e+00
0.0000000000000000e+00
0.0000000000000000e+00
0.0000000000000000e+00
0.0000000000000000e+00
0.0000000000000000e+00
0.0000000000000000e+00
0.0000000000000000e+00
4.4428829381583661e+00
0.0000000000000000e+00
5.8049063042788607e+00
0.0000000000000000e+00
0.0000000000000000e+00
0.0000000000000000e+00
0.0000000000000000e+00
0.0000000000000000e+00
0.0000000000000000e+00
0.0000000000000000e+00
0.0000000000000000e+00
0.0000000000000000e+00
0.0000000000000000e+00
0.0000000000000000e+00
0.0000000000000000e+00
0.0000000000000000e+00
0.0000000000000000e+00
5.8049063042788607e+00
0.0000000000000000e+00
6.2831853071795862e+00
0.0000000000000000e+00
0.0000000000000000e+00
0.0000000000000000e+00
0.0000000000000000e+00
0.0000000000000000e+00
0.0000000000000000e+00
0.0000000000000000e+00
0.0000000000000000e+00
0.0000000000000000e+00
0.0000000000000000e+00
0.0000000000000000e+00
0.0000000000000000e+00
0.0000000000000000e+00
0.0000000000000000e+00
6.2831853071795862e+00
0.0000000000000000e+00
5.8049063042788607e+00
0.0000000000000000e+00
0.0000000000000000e+00
0.0000000000000000e+00
0.0000000000000000e+00
0.0000000000000000e+00
0.0000000000000000e+00
0.0000000000000000e+00
0.0000000000000000e+00
0.0000000000000000e+00
0.0000000000000000e+00
0.0000000000000000e+00
0.0000000000000000e+00
0.0000000000000000e+00
0.0000000000000000e+00
5.8049063042788607e+00
0.0000000000000000e+00
4.4428829381583670e+00
0.0000000000000000e+00
0.0000000000000000e+00
0.0000000000000000e+00
0.0000000000000000e+00
0.0000000000000000e+00
0.0000000000000000e+00
0.0000000000000000e+00
0.0000000000000000e+00
0.0000000000000000e+00
0.0000000000000000e+00
0.0000000000000000e+00
0.0000000000000000e+00
0.0000000000000000e+00
0.0000000000000000e+00
4.4428829381583670e+00
0.0000000000000000e+00
2.4044709195373888e+00
0.0000000000000000e+00
0.0000000000000000e+00
0.0000000000000000e+00
0.0000000000000000e+00
0.0000000000000000e+00
0.0000000000000000e+00
0.0000000000000000e+00
0.0000000000000000e+00
0.0000000000000000e+00
0.0000000000000000e+00
0.0000000000000000e+00
0.0000000000000000e+00
0.0000000000000000e+00
0.0000000000000000e+00
2.4044709195373888e+00
1.4217919849770799e-15
1.5389365549774318e-15
1.0881924738404062e-15
5.8892552305087045e-16
9.4232686307198339e-32
-5.8892552305087025e-16
-1.0881924738404060e-15
-1.4217919849770799e-15
-1.5389365549774318e-15
-1.4217919849770801e-15
-1.0881924738404064e-15
-5.8892552305087114e-16
-2.8269805892159498e-31
5.8892552305087065e-16
1.0881924738404060e-15
1.4217919849770797e-15
1.5389365549774318e-15
-0.0000000000000000e+00
-2.4044709195373852e+00
0.0000000000000000e+00
-0.0000000000000000e+00
-4.4428829381583661e+00
0.0000000000000000e+00
-5.8049063042788616e+00
0.0000000000000000e+00
-6.2831853071795862e+00
0.0000000000000000e+00
-5.8049063042788616e+00
0.0000000000000000e+00
-4.4428829381583661e+00
0.0000000000000000e+00
-2.4044709195373857e+00
0.0000000000000000e+00
-7.6946827748871591e-16
0.0000000000000000e+00
2.4044709195373843e+00
0.0000000000000000e+00
4.4428829381583661e+00
0.0000000000000000e+00
5.8049063042788607e+00
0.0000000000000000e+00
6.2831853071795862e+00
0.0000000000000000e+00
5.8049063042788607e+00
0.0000000000000000e+00
4.4428829381583670e+00
0.0000000000000000e+00
2.4044709195373888e+00
0.0000000000000000e+00
1.5389365549774318e-15
1.4217919849770799e-15
0.0000000000000000e+00
-0.0000000000000000e+00
0.0000000000000000e+00
0.0000000000000000e+00
0.0000000000000000e+00
0.0000000000000000e+00
0.0000000000000000e+00
0.0000000000000000e+00
0.0000000000000000e+00
0.0000000000000000e+00
0.0000000000000000e+00
0.0000000000000000e+00
0.0000000000000000e+00
0.0000000000000000e+00
0.0000000000000000e+00
0.0000000000000000e+00
1.0881924738404062e-15
0.0000000000000000e+00
-0.0000000000000000e+00
0.0000000000000000e+00
0.0000000000000000e+00
0.0000000000000000e+00
0.0000000000000000e+00
0.0000000000000000e+00
0.0000000000000000e+00
0.0000000000000000e+00
0.0000000000000000e+00
0.0000000000000000e+00
0.0000000000000000e+00
0.0000000000000000e+00
0.0000000000000000e+00
0.0000000000000000e+00
0.0000000000000000e+00
5.8892552305087045e-16
0.0000000000000000e+00
-0.0000000000000000e+00
0.0000000000000000e+00
0.0000000000000000e+00
0.0000000000000000e+00
0.0000000000000000e+00
0.0000000000000000e+00
0.0000000000000000e+00
0.0000000000000000e+00
0.0000000000000000e+00
0.0000000000000000e+00
0.0000000000000000e+00
0.0000000000000000e+00
0.0000000000000000e+00
0.0000000000000000e+00
0.0000000000000000e+00
9.4232686307198339e-32
0.0000000000000000e+00
0.0000000000000000e+00
0.0000000000000000e+00
0.0000000000000000e+00
0.0000000000000000e+00
0.0000000000000000e+00
0.0000000000000000e+00
0.0000000000000000e+00
0.0000000000000000e+00
0.0000000000000000e+00
0.0000000000000000e+00
0.0000000000000000e+00
0.0000000000000000e+00
0.0000000000000000e+00
0.0000000000000000e+00
0.0000000000000000e+00
-5.8892552305087025e-16
0.0000000000000000e+00
0.0000000000000000e+00
0.0000000000000000e+00
0.0000000000000000e+00
0.0000000000000000e+00
0.0000000000000000e+00
0.0000000000000000e+00
0.0000000000000000e+00
0.0000000000000000e+00
0.0000000000000000e+00
0.0000000000000000e+00
0.0000000000000000e+00
0.0000000000000000e+00
0.0000000000000000e+00
0.0000000000000000e+00
0.0000000000000000e+00
-1.0881924738404060e-15
0.0000000000000000e+00
0.0000000000000000e+00
0.0000000000000000e+00
0.0000000000000000e+00
0.0000000000000000e+00
0.0000000000000000e+00
0.0000000000000000e+00
0.0000000000000000e+00
0.0000000000000000e+00
0.0000000000000000e+00
0.0000000000000000e+00
0.0000000000000000e+00
0.0000000000000000e+00
0.0000000000000000e+00
0.0000000000000000e+00
0.0000000000000000e+00
-1.4217919849770799e-15
0.0000000000000000e+00
0.0000000000000000e+00
0.0000000000000000e+00
0.0000000000000000e+00
0.0000000000000000e+00
0.0000000000000000e+00
0.0000000000000000e+00
0.0000000000000000e+00
0.0000000000000000e+00
0.0000000000000000e+00
0.0000000000000000e+00
0.0000000000000000e+00
0.0000000000000000e+00
0.0000000000000000e+00
0.0000000000000000e+00
0.0000000000000000e+00
-1.5389365549774318e-15
0.0000000000000000e+00
0.0000000000000000e+00
0.0000000000000000e+00
0.0000000000000000e+00
0.0000000000000000e+00
0.0000000000000000e+00
0.0000000000000000e+00
0.0000000000000000e+00
0.0000000000000000e+00
0.0000000000000000e+00
0.0000000000000000e+00
0.0000000000000000e+00
0.0000000000000000e+00
0.0000000000000000e+00
0.0000000000000000e+00
0.0000000000000000e+00
-1.4217919849770801e-15
0.0000000000000000e+00
0.0000000000000000e+00
0.0000000000000000e+00
0.0000000000000000e+00
0.0000000000000000e+00
0.0000000000000000e+00
0.0000000000000000e+00
0.0000000000000000e+00
0.0000000000000000e+00
0.0000000000000000e+00
0.0000000000000000e+00
0.0000000000000000e+00
0.0000000000000000e+00
0.0000000000000000e+00
0.0000000000000000e+00
0.0000000000000000e+00
-1.0881924738404064e-15
0.0000000000000000e+00
0.0000000000000000e+00
0.0000000000000000e+00
0.0000000000000000e+00
0.0000000000000000e+00
0.0000000000000000e+00
0.0000000000000000e+00
0.0000000000000000e+00
0.0000000000000000e+00
0.0000000000000000e+00
0.0000000000000000e+00
0.0000000000000000e+00
0.0000000000000000e+00
0.0000000000000000e+00
0.0000000000000000e+00
0.0000000000000000e+00
-5.8892552305087114e-16
0.0000000000000000e+00
0.0000000000000000e+00
0.0000000000000000e+00
0.0000000000000000e+00
0.0000000000000000e+00
0.0000000000000000e+00
0.0000000000000000e+00
0.0000000000000000e+00
0.0000000000000000e+00
0.0000000000000000e+00
0.0000000000000000e+00
0.0000000000000000e+00
0.0000000000000000e+00
0.0000000000000000e+00
0.0000000000000000e+00
0.0000000000000000e+00
-2.8269805892159498e-31
0.0000000000000000e+00
-0.0000000000000000e+00
0.0000000000000000e+00
0.0000000000000000e+00
0.0000000000000000e+00
0.0000000000000000e+00
0.0000000000000000e+00
0.0000000000000000e+00
0.0000000000000000e+00
0.0000000000000000e+00
0.0000000000000000e+00
0.0000000000000000e+00
0.0000000000000000e+00
0.0000000000000000e+00
0.0000000000000000e+00
0.0000000000000000e+00
5.8892552305087065e-16
0.0000000000000000e+00
-0.0000000000000000e+00
0.0000000000000000e+00
0.0000000000000000e+00
0.0000000000000000e+00
0.0000000000000000e+00
0.0000000000000000e+00
0.0000000000000000e+00
0.0000000000000000e+00
0.0000000000000000e+00
0.0000000000000000e+00
0.0000000000000000e+00
0.0000000000000000e+00
0.0000000000000000e+00
0.0000000000000000e+00
0.0000000000000000e+00
1.0881924738404060e-15
0.0000000000000000e+00
-0.0000000000000000e+00
0.0000000000000000e+00
0.0000000000000000e+00
0.0000000000000000e+00
0.0000000000000000e+00
0.0000000000000000e+00
0.0000000000000000e+00
0.0000000000000000e+00
0.0000000000000000e+00
0.0000000000000000e+00
0.0000000000000000e+00
0.0000000000000000e+00
0.0000000000000000e+00
0.0000000000000000e+00
0.0000000000000000e+00
1.4217919849770797e-15
-2.4044709195373852e+00
-0.0000000000000000e+00
-4.4428829381583661e+00
-5.8049063042788616e+00
-6.2831853071795862e+00
-5.8049063042788616e+00
-4.4428829381583661e+00
-2.4044709195373857e+00
-7.6946827748871591e-16
2.4044709195373843e+00
4.4428829381583661e+00
5.8049063042788607e+00
6.2831853071795862e+00
5.8049063042788607e+00
4.4428829381583670e+00
2.4044709195373888e+00
1.5389365549774318e-15
];
