Vec_29 = [
0.0000000000000000e+00
0.0000000000000000e+00
0.0000000000000000e+00
0.0000000000000000e+00
0.0000000000000000e+00
0.0000000000000000e+00
0.0000000000000000e+00
0.0000000000000000e+00
0.0000000000000000e+00
0.0000000000000000e+00
0.0000000000000000e+00
0.0000000000000000e+00
1.1896166098789018e-02
2.0873709594957157e-02
4.6633294823474891e-03
-1.3041130952880120e-02
1.2656917830408343e-02
6.6454310011705431e-03
-5.7213016522692506e-02
2.9475005834116885e-02
2.2191366787130296e-02
7.6185026119257593e-02
4.2478140073311188e-02
1.1523890736378384e-02
0.0000000000000000e+00
0.0000000000000000e+00
0.0000000000000000e+00
0.0000000000000000e+00
0.0000000000000000e+00
0.0000000000000000e+00
-4.6660561858341554e-05
6.2085952903800923e-07
7.1558470629007331e-06
-4.9670912784649524e-04
1.1104627501246078e-04
1.6771633198686686e-05
0.0000000000000000e+00
0.0000000000000000e+00
0.0000000000000000e+00
0.0000000000000000e+00
0.0000000000000000e+00
0.0000000000000000e+00
9.1985562210017413e-06
-1.4231179609691669e-05
2.2350720050301476e-06
3.4507658014382159e-06
7.1252484000750016e-06
7.3567930263251924e-06
0.0000000000000000e+00
0.0000000000000000e+00
0.0000000000000000e+00
0.0000000000000000e+00
0.0000000000000000e+00
0.0000000000000000e+00
-5.7213016522658672e-02
-2.9475005834185719e-02
2.2191366787160938e-02
7.6185026119214516e-02
-4.2478140073361148e-02
1.1523890736382381e-02
0.0000000000000000e+00
0.0000000000000000e+00
0.0000000000000000e+00
-4.9670912788590815e-04
-1.1104627505176268e-04
1.6771633234435868e-05
0.0000000000000000e+00
0.0000000000000000e+00
0.0000000000000000e+00
3.4507657907245637e-06
-7.1252484351580492e-06
7.3567930127804715e-06
0.0000000000000000e+00
0.0000000000000000e+00
0.0000000000000000e+00
0.0000000000000000e+00
0.0000000000000000e+00
0.0000000000000000e+00
-1.3041130952859470e-02
-1.2656917830319081e-02
6.6454310011963003e-03
1.1896166098765981e-02
-2.0873709594951828e-02
4.6633294823137383e-03
0.0000000000000000e+00
0.0000000000000000e+00
0.0000000000000000e+00
-4.6660561875244699e-05
-6.2085950980339533e-07
7.1558470216004366e-06
0.0000000000000000e+00
0.0000000000000000e+00
0.0000000000000000e+00
9.1985562105656449e-06
1.4231179623791501e-05
2.2350719652841633e-06
6.3514956404346901e-03
1.6413809731812723e-02
-8.4548615565558372e-03
-1.2029317521656480e-02
9.2728817832465893e-03
-1.6975618449577290e-03
-4.6090786721076249e-02
1.6727393366075205e-02
-1.5231117458869292e-02
3.8171017715605826e-02
2.6546662785887243e-02
-4.8101833533786609e-02
-5.6532713492873921e-05
8.9866724518605778e-06
2.5067449635485239e-06
-3.9783634495715869e-04
9.8182260896195750e-05
4.6818600499765051e-05
6.7171713314384540e-06
-8.0983548299412567e-06
1.0423360263800419e-06
1.3696065722934581e-06
3.2680052781675073e-06
-1.2827273802029637e-06
-4.6090786721045607e-02
-1.6727393366066323e-02
-1.5231117458824883e-02
3.8171017715620259e-02
-2.6546662785848940e-02
-4.8101833533750304e-02
-3.9783634497825293e-04
-9.8182260920731679e-05
4.6818600549419775e-05
1.3696065888080255e-06
-3.2680053289046995e-06
-1.2827273757620716e-06
-1.2029317521635940e-02
-9.2728817832474775e-03
-1.6975618449630581e-03
6.3514956404715495e-03
-1.6413809731821161e-02
-8.4548615564454810e-03
-5.6532713513191002e-05
-8.9866724117815266e-06
2.5067449981874823e-06
6.7171713876157391e-06
8.0983548781110581e-06
1.0423360159439454e-06
4.0015160655053339e-04
2.6732861438954481e-03
-3.0181677501117665e-03
-2.7307454977900658e-03
1.5491264992233411e-03
-1.1153750978478705e-03
-8.9329113513141323e-03
2.0766066839286168e-03
-4.8858652611825093e-03
2.7266905219380799e-03
3.4123825553904474e-03
-1.2374802911175209e-02
-1.5673605451294037e-06
-2.5060715378444343e-06
3.0091785515606873e-06
-4.0968075393721382e-05
1.3038971390322285e-05
-2.7311538486340936e-06
5.5432190041310170e-06
-4.6620987626255772e-06
3.4039335311160379e-06
7.6183844522070832e-06
-2.5330939457113288e-08
5.1555965358829337e-06
-8.9329113513496594e-03
-2.0766066838713293e-03
-4.8858652612207010e-03
2.7266905219718307e-03
-3.4123825553615816e-03
-1.2374802911208072e-02
-4.0968075416536465e-05
-1.3038971370282759e-05
-2.7311538569607663e-06
7.6183844461008565e-06
2.5330912700738395e-08
5.1555965545069249e-06
-2.7307454978620083e-03
-1.5491264992739673e-03
-1.1153750978447619e-03
4.0015160656209359e-04
-2.6732861439429101e-03
-3.0181677501806559e-03
-1.5673605606725260e-06
2.5060715043156989e-06
3.0091785420127692e-06
5.5432190210757959e-06
4.6620987897844079e-06
3.4039335545035798e-06
2.4017189045169585e-05
-1.8274525691759635e-05
1.4300596095014355e-06
1.6394174319173116e-05
-2.1506639884323608e-05
1.8148425770291368e-06
2.4017189044964887e-05
-1.8274525691891474e-05
1.4300596095330942e-06
5.5126543084815793e-05
-4.1454506980453942e-06
-7.0091299811912700e-08
4.4011800101995124e-05
-1.0986720758058427e-05
1.2573114361209836e-06
5.5126543085107227e-05
-4.1454506980592720e-06
-7.0091299832729381e-08
3.8754616906500061e-05
1.3999069914331919e-05
-5.2751484366747418e-06
6.4704731149597960e-05
1.4737251583595012e-05
-4.1048446432771953e-06
3.8754616906735116e-05
1.3999069914200080e-05
-5.2751484366474199e-06
1.0552803730162763e-07
-2.5337960507859289e-06
-5.4758149690189301e-07
5.2317849842621264e-07
-3.5103580502734294e-07
9.5915147222628422e-07
2.6534591787696904e-06
3.6482796094122055e-07
-8.6985799289170801e-07
1.3721606864358638e-06
-1.4688273288474078e-06
-7.3741460736194420e-06
2.2453045017967188e-06
-1.1178856263574510e-05
2.3585142085308375e-06
1.2528019648714445e-06
-1.7383532668301116e-06
2.9412126368719344e-06
1.0655578247068323e-05
1.1813388162010621e-06
4.8575712447637698e-06
1.0359718775901361e-05
-6.4462105806241507e-06
3.1092321395136124e-06
-1.0786464330015885e-08
-2.8698997839651796e-08
-2.9433016965080966e-08
-1.7125009910026572e-09
-1.9769677520598537e-08
-8.5504086385843059e-08
-3.2750477146426329e-08
-1.1268042475497987e-07
7.3528437926294841e-08
1.2666853059929272e-07
-1.6560127763336468e-07
3.0810228512554404e-07
3.9198221923164890e-09
6.7862286743619973e-09
2.9294056847728694e-08
8.3125248660705390e-09
-1.0556698627241234e-09
4.4338583158541308e-08
9.4399375858450377e-09
8.0215667507357348e-09
4.0827347591674418e-08
3.2299870499859814e-08
-3.2901938759209368e-09
6.5400902445999620e-08
2.6534591787796651e-06
-3.6482796094989417e-07
-8.6985799289604482e-07
1.3721606864150471e-06
1.4688273288383791e-06
-7.3741460736281156e-06
1.0655578247099548e-05
-1.1813388161915211e-06
4.8575712447505425e-06
1.0359718775984628e-05
6.4462105806330217e-06
3.1092321395483069e-06
-1.7125009918158088e-09
1.9769677519500782e-08
-8.5504086388011463e-08
1.2666853059658222e-07
1.6560127762745578e-07
3.0810228513107347e-07
8.3125248660434340e-09
1.0556698623446527e-09
4.4338583158609070e-08
3.2299870500218956e-08
3.2901938753788357e-09
6.5400902446541721e-08
5.2317849843347679e-07
3.5103580503861864e-07
9.5915147222021269e-07
1.0552803730162763e-07
2.5337960507946025e-06
-5.4758149691403607e-07
1.2528019649078737e-06
1.7383532668379179e-06
2.9412126368570538e-06
2.2453045019771301e-06
1.1178856263560633e-05
2.3585142085377764e-06
-1.0786464330015885e-08
2.8698997840302318e-08
-2.9433016965948328e-08
-3.2750477146317909e-08
1.1268042475476303e-07
7.3528437927162203e-08
3.9198221922021395e-09
-6.7862286743518329e-09
2.9294056847877772e-08
9.4399375857366174e-09
-8.0215667510677717e-09
4.0827347592433359e-08
2.3506112203364182e-06
-7.6821841790489231e-06
6.3600330602459065e-06
-3.8954416655247529e-07
-1.5441179298724891e-06
2.3820404719521703e-06
3.6845095638671221e-06
1.8531438655822186e-07
3.5083345516434897e-06
8.8230679122364153e-06
-4.5831702761226586e-06
1.3444381728074106e-05
-2.0851084322806557e-07
-9.4039665649633258e-08
1.4552033242341587e-07
-4.7541317004776065e-07
-1.2433508146965215e-07
7.4281730876487711e-07
5.9547057858059561e-09
3.9076825621010120e-10
4.9141267484593444e-08
2.9868137128979673e-08
-6.0131906977605593e-09
8.3966525664684512e-08
3.6845095638701579e-06
-1.8531438652092530e-07
3.5083345516664748e-06
8.8230679124098876e-06
4.5831702761966325e-06
1.3444381728101862e-05
-4.7541317004971221e-07
1.2433508146816137e-07
7.4281730876753171e-07
2.9868137129860587e-08
6.0131906980858199e-09
8.3966525665443454e-08
-3.8954416652905652e-07
1.5441179298907037e-06
2.3820404719712522e-06
2.3506112203780516e-06
7.6821841790367801e-06
6.3600330602563149e-06
-2.0851084322616822e-07
9.4039665649416418e-08
1.4552033242672862e-07
5.9547057867004229e-09
-3.9076825459735047e-10
4.9141267485027125e-08
3.4812209202816913e-07
-2.1147154196342333e-06
5.0163774991014709e-06
-1.1496421835302962e-06
-7.2524255536037668e-07
2.0511584649784281e-06
-2.1135741375003306e-06
-5.1209782969674749e-07
5.4401438632318763e-06
1.3559701761839404e-06
-1.6495608916016644e-06
1.2563431170502237e-05
-1.1702298805330025e-08
-3.2998737577085574e-09
-3.0981243728019775e-08
-1.4821473650293831e-07
-1.0131372701557579e-08
1.8714588938088805e-07
-2.0174515352232108e-08
-1.7183196808387121e-09
2.9322492491952223e-08
-3.1931594363053257e-08
-4.3293231845081999e-09
5.0874061959943755e-08
-2.1135741375142084e-06
5.1209782970249376e-07
5.4401438632284069e-06
1.3559701761839404e-06
1.6495608915929882e-06
1.2563431170529993e-05
-1.4821473650201674e-07
1.0131372699700883e-08
1.8714588938435750e-07
-3.1931594361718333e-08
4.3293231851045111e-09
5.0874061960743354e-08
-1.1496421835420056e-06
7.2524255536991766e-07
2.0511584649862344e-06
3.4812209200735245e-07
2.1147154196255596e-06
5.0163774991084098e-06
-1.1702298803812142e-08
3.2998737600938022e-09
-3.0981243725200849e-08
-2.0174515351161458e-08
1.7183196823430426e-09
2.9322492492192781e-08
];
